Execucao em 19/12/2025 23:33
0;0.77180948;0.73663060
1;0.71971342;0.70979868
2;0.70411052;0.69961705
3;0.69796011;0.69491028
4;0.69522948;0.69263679
5;0.69390584;0.69155971
6;0.69300637;0.69076091
7;0.69245170;0.69034002
8;0.69206991;0.68991022
9;0.69169216;0.68966250
10;0.69141218;0.68949918
11;0.69116295;0.68921380
12;0.69097861;0.68907035
13;0.69078283;0.68879322
14;0.69060321;0.68869083
15;0.69047353;0.68880900
16;0.69032631;0.68850946
17;0.69022408;0.68839385
18;0.69002286;0.68830498
19;0.68999814;0.68814972
20;0.68991002;0.68812814
21;0.68986743;0.68812653
22;0.68975182;0.68799026
23;0.68967428;0.68790603
24;0.68967853;0.68784600
25;0.68958879;0.68793727
26;0.68954099;0.68770666
27;0.68944423;0.68764289
28;0.68932084;0.68758550
29;0.68939037;0.68760964
30;0.68927098;0.68752108
31;0.68929296;0.68744204
32;0.68918755;0.68746082
33;0.68926017;0.68732527
34;0.68916183;0.68742143
35;0.68912259;0.68742103
36;0.68905796;0.68728671
37;0.68900813;0.68731029
38;0.68898646;0.68723012
39;0.68904422;0.68740708
40;0.68899330;0.68723337
41;0.68907149;0.68734411
42;0.68898718;0.68727643
43;0.68901248;0.68714889
44;0.68889030;0.68734108
45;0.68883775;0.68707606
46;0.68892779;0.68719456
47;0.68892184;0.68707520
48;0.68889996;0.68704071
49;0.68891166;0.68711924
50;0.68889545;0.68703119
51;0.68878891;0.68694612
52;0.68886067;0.68697167
53;0.68880353;0.68705378
54;0.68878953;0.68704498
55;0.68875719;0.68696526
56;0.68879310;0.68705042
57;0.68878513;0.68713851
58;0.68882892;0.68698904
59;0.68879016;0.68693089
60;0.68872755;0.68694042
61;0.68874108;0.68693285
62;0.68882671;0.68699234
63;0.68878640;0.68725174
64;0.68875843;0.68696785
65;0.68879559;0.68709230
66;0.68878451;0.68696234
67;0.68879145;0.68688052
68;0.68873639;0.68716691
69;0.68882675;0.68712390
70;0.68871584;0.68700397
71;0.68874723;0.68694391
72;0.68876136;0.68687394
73;0.68881629;0.68704311
74;0.68884081;0.68696729
75;0.68871529;0.68691168
76;0.68870247;0.68693212
77;0.68878058;0.68688817
78;0.68873311;0.68694903
79;0.68877941;0.68689239
80;0.68879001;0.68693918
81;0.68875811;0.68691611
82;0.68871633;0.68704741
83;0.68869280;0.68702836
84;0.68867758;0.68695644
85;0.68866171;0.68705654
86;0.68865931;0.68694415
87;0.68869360;0.68687846
88;0.68876100;0.68692417
89;0.68866167;0.68691447
90;0.68867239;0.68684150
91;0.68870281;0.68680636
92;0.68870509;0.68687174
93;0.68869391;0.68684569
94;0.68875144;0.68695016
95;0.68869839;0.68697500
96;0.68871133;0.68687429
97;0.68874075;0.68686099
98;0.68869745;0.68684294
99;0.68866820;0.68678064
0;0.88765614;0.77547432
1;0.74768954;0.72884174
2;0.71869927;0.71116933
3;0.70600820;0.70217284
4;0.69968618;0.69800383
5;0.69637916;0.69546092
6;0.69413957;0.69338489
7;0.69267268;0.69203939
8;0.69178287;0.69149714
9;0.69107352;0.69047434
10;0.69058446;0.69040987
11;0.69013655;0.68949363
12;0.68988425;0.68944965
13;0.68962389;0.68935078
14;0.68948265;0.68887344
15;0.68928281;0.68877388
16;0.68919048;0.68846156
17;0.68908474;0.68877444
18;0.68913031;0.68894098
19;0.68895498;0.68855453
20;0.68881321;0.68819939
21;0.68882301;0.68831751
22;0.68879977;0.68842524
23;0.68868471;0.68857816
24;0.68875761;0.68830536
25;0.68865254;0.68810078
26;0.68865528;0.68798989
27;0.68862266;0.68850104
28;0.68864255;0.68786463
29;0.68856590;0.68790141
30;0.68849047;0.68824963
31;0.68858921;0.68793344
32;0.68850249;0.68758904
33;0.68851360;0.68784846
34;0.68849382;0.68770307
35;0.68851580;0.68794503
36;0.68855035;0.68787661
37;0.68843904;0.68774548
38;0.68851524;0.68796352
39;0.68842729;0.68778798
40;0.68841113;0.68767902
41;0.68850411;0.68781177
42;0.68838969;0.68776953
43;0.68835607;0.68773211
44;0.68838232;0.68787163
45;0.68838705;0.68763037
46;0.68840374;0.68751756
47;0.68833144;0.68751728
48;0.68841877;0.68817736
49;0.68843374;0.68773738
50;0.68833506;0.68752373
51;0.68834944;0.68787526
52;0.68832721;0.68742466
53;0.68837625;0.68776864
54;0.68831489;0.68753187
55;0.68840593;0.68733957
56;0.68832922;0.68802931
57;0.68837414;0.68762082
58;0.68831685;0.68815464
59;0.68831412;0.68757534
60;0.68832881;0.68770413
61;0.68835296;0.68748437
62;0.68833137;0.68742969
63;0.68837805;0.68798485
64;0.68829993;0.68781296
65;0.68829455;0.68822521
66;0.68832368;0.68773471
67;0.68829830;0.68754731
68;0.68832120;0.68778868
69;0.68824466;0.68719865
70;0.68835840;0.68764456
71;0.68840040;0.68739373
72;0.68832476;0.68809841
73;0.68826539;0.68742964
74;0.68835053;0.68761117
75;0.68836200;0.68738041
76;0.68833453;0.68765657
77;0.68834465;0.68749598
78;0.68826054;0.68769974
79;0.68844667;0.68730653
80;0.68829114;0.68725004
81;0.68839383;0.68764410
82;0.68827975;0.68800376
83;0.68827718;0.68739631
84;0.68832453;0.68769988
85;0.68829146;0.68749111
86;0.68829356;0.68748356
87;0.68830566;0.68785110
88;0.68834027;0.68775137
89;0.68830236;0.68760040
0;0.82555236;0.76753384
1;0.74863924;0.73166597
2;0.72383667;0.71589827
3;0.71128463;0.70773466
4;0.70451111;0.70291811
5;0.70043363;0.69986635
6;0.69776445;0.69788754
7;0.69583322;0.69632801
8;0.69454940;0.69532009
9;0.69351207;0.69432218
10;0.69279598;0.69361033
11;0.69207270;0.69296835
12;0.69149043;0.69259418
13;0.69122721;0.69209761
14;0.69077326;0.69164762
15;0.69042513;0.69135495
16;0.69028027;0.69116416
17;0.68985288;0.69089912
18;0.68987004;0.69059840
19;0.68960620;0.69042789
20;0.68940507;0.69019300
21;0.68936703;0.69015826
22;0.68926357;0.68992443
23;0.68904257;0.68980036
24;0.68897588;0.68970555
25;0.68900241;0.68963344
26;0.68891697;0.68954297
27;0.68881537;0.68939934
28;0.68872668;0.68936971
29;0.68864618;0.68934934
30;0.68855049;0.68932829
31;0.68853990;0.68940921
32;0.68863107;0.68918252
33;0.68850938;0.68911605
34;0.68844737;0.68917680
35;0.68851565;0.68907490
36;0.68837651;0.68901292
37;0.68830977;0.68896361
38;0.68831429;0.68894992
39;0.68834601;0.68892020
40;0.68825019;0.68881656
41;0.68825298;0.68885777
42;0.68823812;0.68897651
43;0.68825486;0.68893405
44;0.68820570;0.68899099
45;0.68834382;0.68886859
46;0.68819447;0.68877956
47;0.68827769;0.68883073
48;0.68826095;0.68871756
49;0.68824342;0.68869109
50;0.68816760;0.68871629
51;0.68821157;0.68869162
52;0.68814821;0.68874919
53;0.68819989;0.68866557
54;0.68816305;0.68866113
55;0.68817133;0.68868121
56;0.68816996;0.68872043
57;0.68822503;0.68866060
58;0.68818699;0.68864568
59;0.68818464;0.68867191
60;0.68813477;0.68864405
61;0.68813900;0.68864262
62;0.68815901;0.68860201
63;0.68820069;0.68859900
64;0.68803395;0.68858976
65;0.68813722;0.68867505
66;0.68822615;0.68854786
67;0.68804877;0.68871976
68;0.68814665;0.68856886
69;0.68819464;0.68860055
70;0.68809510;0.68857001
71;0.68811311;0.68872867
72;0.68814019;0.68856211
73;0.68820111;0.68857888
74;0.68818150;0.68855955
75;0.68801670;0.68854186
76;0.68817618;0.68850128
77;0.68812802;0.68849856
78;0.68817692;0.68861491
79;0.68817380;0.68847793
80;0.68813973;0.68851948
81;0.68802403;0.68851480
82;0.68812856;0.68852567
83;0.68818835;0.68877923
84;0.68814311;0.68855964
85;0.68817418;0.68861625
86;0.68806336;0.68872703
87;0.68809732;0.68860338
88;0.68809913;0.68856419
89;0.68810028;0.68854019
90;0.68820277;0.68855063
91;0.68807551;0.68853042
92;0.68812928;0.68852451
93;0.68805641;0.68856358
94;0.68816467;0.68847450
95;0.68814150;0.68847807
96;0.68811566;0.68861952
97;0.68810291;0.68849927
98;0.68805359;0.68851067
99;0.68806578;0.68853241
0;0.80811960;0.75302771
1;0.73754078;0.72720520
2;0.71886529;0.71471090
3;0.70918391;0.70753826
4;0.70322439;0.70345233
5;0.69974854;0.70029998
6;0.69703351;0.69814174
7;0.69511270;0.69623266
8;0.69371614;0.69489143
9;0.69284940;0.69410871
10;0.69197854;0.69315586
11;0.69140452;0.69240795
12;0.69075382;0.69201441
13;0.69026916;0.69177322
14;0.68993559;0.69133727
15;0.68965761;0.69074950
16;0.68943436;0.69065856
17;0.68929571;0.69054372
18;0.68904217;0.69040899
19;0.68903463;0.69022688
20;0.68879345;0.69005555
21;0.68865203;0.68975121
22;0.68854979;0.68986753
23;0.68841525;0.68984067
24;0.68852938;0.68956529
25;0.68834845;0.68965669
26;0.68834903;0.68936207
27;0.68822838;0.68956333
28;0.68824454;0.68932735
29;0.68818098;0.68925458
30;0.68818832;0.68925759
31;0.68817065;0.68936953
32;0.68808472;0.68928095
33;0.68810741;0.68895368
34;0.68807253;0.68904246
35;0.68806724;0.68901349
36;0.68802377;0.68908332
37;0.68795763;0.68931557
38;0.68799682;0.68901206
39;0.68795665;0.68905798
40;0.68803304;0.68893602
41;0.68791809;0.68912463
42;0.68801062;0.68907597
43;0.68798011;0.68899871
44;0.68794858;0.68896241
45;0.68786899;0.68891055
46;0.68802997;0.68887913
47;0.68793538;0.68887283
48;0.68792567;0.68881524
49;0.68788620;0.68909978
50;0.68791225;0.68880867
51;0.68779256;0.68879729
52;0.68787548;0.68869221
53;0.68786320;0.68892823
54;0.68788940;0.68898400
55;0.68790286;0.68908038
56;0.68791536;0.68881798
57;0.68782401;0.68906307
58;0.68786282;0.68890664
59;0.68779219;0.68873402
60;0.68787178;0.68860816
61;0.68787172;0.68858532
62;0.68781477;0.68875591
63;0.68786152;0.68872922
64;0.68784216;0.68880553
65;0.68779220;0.68889275
66;0.68784027;0.68858511
67;0.68783345;0.68882516
68;0.68779321;0.68875952
69;0.68782498;0.68883007
70;0.68791474;0.68889071
71;0.68783911;0.68883549
72;0.68787785;0.68876960
73;0.68774189;0.68899400
74;0.68778745;0.68853805
75;0.68783586;0.68888358
76;0.68781415;0.68890092
77;0.68778201;0.68877739
78;0.68783837;0.68858945
79;0.68776617;0.68870994
80;0.68783190;0.68861603
81;0.68779403;0.68864573
82;0.68786821;0.68883936
83;0.68777457;0.68877180
84;0.68779973;0.68892823
85;0.68785038;0.68860413
86;0.68772559;0.68878650
87;0.68776599;0.68877935
88;0.68780718;0.68889289
89;0.68778580;0.68856580
90;0.68776681;0.68866169
91;0.68785009;0.68860378
92;0.68769974;0.68902665
93;0.68776690;0.68884156
94;0.68770257;0.68900724
0;0.96360045;0.83188475
1;0.77711629;0.74816921
2;0.72855920;0.71732154
3;0.70805930;0.70293834
4;0.69861343;0.69567497
5;0.69393465;0.69252864
6;0.69161892;0.69117975
7;0.69053743;0.68998658
8;0.68980185;0.68985842
9;0.68946371;0.68953420
10;0.68922826;0.68905678
11;0.68892323;0.68922481
12;0.68882719;0.68878615
13;0.68879861;0.68881942
14;0.68857667;0.68894635
15;0.68849844;0.68880439
16;0.68857093;0.68912794
17;0.68842637;0.68861081
18;0.68845633;0.68872320
19;0.68837307;0.68889886
20;0.68830858;0.68862116
21;0.68830616;0.68867195
22;0.68822448;0.68854579
23;0.68819078;0.68835732
24;0.68827867;0.68845620
25;0.68824678;0.68854521
26;0.68810979;0.68865322
27;0.68818894;0.68857408
28;0.68814487;0.68854617
29;0.68810486;0.68873614
30;0.68812760;0.68861522
31;0.68811125;0.68842195
32;0.68800301;0.68890471
33;0.68799899;0.68837194
34;0.68808478;0.68887248
35;0.68798988;0.68842035
36;0.68803113;0.68847054
37;0.68803280;0.68848932
38;0.68803329;0.68862008
39;0.68806740;0.68851959
40;0.68803312;0.68853955
41;0.68801677;0.68843605
42;0.68797022;0.68867808
43;0.68794222;0.68852956
